bar_id	start_node	x1	y1	z1	end_node	x2	y2	z2	L	storey
2013	2005	38.332	-0.003	6	2006	38.332	6.472	6	6.475	2F
2014	14035	46.332	6.471625	6	2008	46.332	-0.004	6	6.475625	2F
2015	2009	54.332	-0.005	6	2010	54.332	6.4709375	6	6.4759375	2F
2016	2011	62.332	-0.006	6	2012	62.332	6.470375	6	6.476375	2F
2017	2013	70.332	-0.007	6	2014	70.332	6.468	6	6.475	2F
2018	2015	80.32177206	9.13127955	6	2016	82.311	11.796	6	3.32532146926051	2F
2019	2017	65.953	15.131	6	2018	70.593	21.023	6	7.49968426002055	2F
2020	2019	58.882	20.699	6	2020	63.522	26.591	6	7.49968426002055	2F
2021	2021	51.811	26.266	6	2022	56.451	32.159	6	7.50046991861176	2F
2350	2034	62.33132742	12.97	6	2014	70.332	6.468	6	10.3095473097689	2F
2348	2077	30.332	6.473	6	2257	34.332	6.4725	6	4.00000003125	2F
2349	2173	30.332	-0.001	6	2258	34.332	-0.0025	6	4.00000028124999	2F
2022	2025	27.207	6.473	6	2026	27.207	9.473	6	3	2F
2023	2027	13.543	27.419	6	2028	16.862	24.84	6	4.20321329461164	2F
2025	2034	62.33132742	12.97	6	2017	65.953	15.131	6	4.21739650456581	2F
94	2036	19.101	33.68	6	128	19.73607712	34.35166593	6	0.924369011742746	2F
201	2241	0.144	27.309	6	275	0.77491482	27.34821196	6	0.63213217597483	2F
2034	2041	82.311	8	6	2042	87.127	7.994	6	4.81600373754008	2F
2035	2041	82.311	8	6	2043	82.311	5.957	6	2.043	2F
2036	2044	80.332	0.742	6	2045	80.332	1.642	6	0.9	2F
2037	2046	80.322	5.957	6	2047	81.552	5.957	6	1.23	2F
2038	2048	80.332	-0.008	6	2049	87.128	-0.01	6	6.79600029429074	2F
2041	2252	41.885	28.576	6	8103	44.184	31.49	6	3.71171079153535	2F
2042	2050	40.152	44.997	6	2051	43.797	42.126	6	4.63989935235669	2F
2043	7453	43.40370692	34.56471308	6	2053	45.38283206	33.00913189	6	2.51729401510071	2F
2044	2054	41.94897865	39.78201682	6	2051	43.797	42.126	6	2.9848685160621	2F
2045	2054	41.94897865	39.78201682	6	2055	42.923	39.015	6	1.23977110484909	2F
2046	2056	42.757	37.618	6	2057	43.50023027	38.56029195	6	1.20012722378882	2F
2047	2058	44.642	36.133	6	2059	45.38528282	37.07535857	6	1.20021207499324	2F
2048	2060	47.361	35.517	6	2061	49.21	37.86000001	6	2.98470267310832	2F
2049	2062	47.627	39.109	6	2061	49.21	37.86000001	6	2.01640521101786	2F
2050	2063	24.238	40.549	6	2064	25.939	40.867	6	1.73046958944675	2F
2051	2065	7.794	9.235	6	2066	9.143	6.476	6	3.0711369230303	2F
2052	2067	4.977	14.993	6	2068	6.409	12.064	6	3.26031670240791	2F
2053	2069	3.532	17.948	6	2067	4.977	14.993	6	3.28938444089468	2F
2054	2070	2.128	20.819	6	2069	3.532	17.948	6	3.19591254573713	2F
2055	2071	0.805	23.524	6	2070	2.128	20.819	6	3.01120474229169	2F
2056	2072	0	25.169	6	2071	0.805	23.524	6	1.83140656327316	2F
2057	2073	12.31	0	6	2074	16.033	-0.0005	6	3.72300003357507	2F
2058	2075	27.207	4.723	6	2025	27.207	6.473	6	1.75	2F
2059	2076	30.332	4.723	6	2077	30.332	6.473	6	1.75	2F
2060	2078	16.033	6.474	6	2079	16.033	10.057	6	3.583	2F
2061	2079	16.033	10.057	6	2080	16.033	13.269	6	3.212	2F
2062	2081	22.091	-0.0005	6	2082	22.091	6.474	6	6.4745	2F
2063	2083	17.231	23.421	6	2084	17.67	22.299	6	1.20482571353702	2F
2064	2028	16.862	24.84	6	2083	17.231	23.421	6	1.46619302958376	2F
2065	2085	19.019	20.075	6	2086	19.806	19.179	6	1.19255398200668	2F
2066	2087	18.345	21.035	6	2085	19.019	20.075	6	1.17297740813709	2F
2067	2084	17.67	22.299	6	2087	18.345	21.035	6	1.43294138051771	2F
2068	2086	19.806	19.179	6	2088	20.655	18.397	6	1.15426383465826	2F
2069	2088	20.655	18.397	6	2089	21.357	17.867	6	0.879604456559881	2F
2070	2089	21.357	17.867	6	2090	22.095	17.388	6	0.879821004523078	2F
2071	2090	22.095	17.388	6	2091	23.331	16.768	6	1.38278559437102	2F
2072	2091	23.331	16.768	6	2092	24.231	16.425	6	0.963145368051987	2F
2073	2092	24.231	16.425	6	2093	25.257	16.145	6	1.06352056867745	2F
2074	2094	21.637	39.625	6	2095	23.06	40.205	6	1.53666164135115	2F
2075	2095	23.06	40.205	6	2063	24.238	40.549	6	1.22720006518905	2F
191	23257	17.199	36.377	6	128	19.73607712	34.35166593	6	3.24634231219233	2F
2077	23549	18.0378644	37.16634976	6	2097	18.578	37.671	6	0.739201143884	2F
2078	2097	18.578	37.671	6	2098	19.759	38.561	6	1.47880390856936	2F
2079	2098	19.759	38.561	6	2099	20.705	39.14	6	1.10912442944874	2F
2080	2099	20.705	39.14	6	2094	21.637	39.625	6	1.05064218457094	2F
2081	2100	43.602	16.446	6	2101	49.077	16.446	6	5.475	2F
2082	2101	49.077	16.446	6	673	50.831	21.519	6	5.36766662526651	2F
2083	673	50.831	21.519	6	2021	51.811	26.266	6	4.84710315549401	2F
2084	2103	40.35	20.684	6	2104	40.883	21.93	6	1.3552140052405	2F
2085	2104	40.883	21.93	6	2033	41.40107446	23.74090426	6	1.88355392409945	2F
2086	2105	41.617	24.789	6	2106	41.76	26.51	6	1.72693080347766	2F
2024	2010	54.332	6.4709375	6	2031	54.332	9.721	6	3.2500625	2F
2009	2100	43.602	16.446	6	2001	44.7135	18.565	6	2.39282119056147	2F
2010	2001	44.7135	18.565	6	2002	46.11795198	22.62950097	6	4.30030853535614	2F
2088	2109	36.741	16.049	6	2110	37.82	17.059	6	1.47795162302425	2F
2089	2110	37.82	17.059	6	2111	38.789	18.177	6	1.47948808714366	2F
2090	2112	39.635	19.389	6	2103	40.35	20.684	6	1.47927347032251	2F
2091	2111	38.789	18.177	6	2100	43.602	16.446	6	5.11481475715397	2F
2092	2114	30.332	16.216	6	2115	30.332	12.973	6	3.243	2F
2093	2109	36.741	16.049	6	2116	38.332	12.972	6	3.46398758658284	2F
2094	2117	46.33226324	12.97066667	6	2101	49.077	16.446	6	4.42848976924461	2F
2095	2118	13.565	25.865	6	2119	13.773	24.264	6	1.61445501640646	2F
2096	2027	13.543	27.419	6	2118	13.565	25.865	6	1.55415571935376	2F
2097	2120	77.65994102	15.4574236	6	2016	82.311	11.796	6	5.91932195560231	2F
2100	2121	39.96736821	37.26970991	6	2054	41.94897865	39.78201682	6	3.19976029507692	2F
2101	2064	25.939	40.867	6	2122	29.56150841	45.46659966	6	5.85481718013405	2F
2106	2123	76.862	10.312	6	2024	78.332	6.467	6	4.1164213827061	2F
2108	2125	77.261	12.885	6	2015	80.32177206	9.13127955	6	4.84342263487555	2F
2109	2016	82.311	11.796	6	2042	87.127	7.994	6	6.13588298454265	2F
2351	2203	44.56500001	31.973	6	2107	47.844	29.39	6	4.17417416196545	2F
2352	2266	74.448	11.379	6	2120	77.65994102	15.4574236	6	5.19134897468814	2F
2353	2040	54.33176923	12.97075002	6	2259	56.76696064	17.10607764	6	4.79907196529419	2F
2110	2100	43.602	16.446	6	2030	42.33214619	12.9715	6	3.69928086913815	2F
2111	2066	9.143	6.476	6	2127	11.981	8.073	6	3.25647861961352	2F
2112	2127	11.981	8.073	6	2128	14.596	9.353	6	2.91146440816301	2F
2113	2038	6.203	26.166	6	2129	7.548	23.472	6	3.01108966987036	2F
2114	2129	7.548	23.472	6	2130	8.975	20.613	6	3.19534192223618	2F
2115	2130	8.975	20.613	6	2131	10.44681455	17.66834469	6	3.29199528619087	2F
2116	2131	10.44681455	17.66834469	6	2132	11.903	14.747	6	3.26415852289421	2F
2117	2133	13.308	11.934	6	2128	14.596	9.353	6	2.88452855766761	2F
2118	2026	27.207	9.473	6	2039	30.332	9.473	6	3.125	2F
2119	2079	16.033	10.057	6	2134	18.721	11.373	6	2.99285816570047	2F
2120	2134	18.721	11.373	6	2135	22.091	13.874	6	4.19665354776875	2F
2121	2080	16.033	13.269	6	2134	18.721	11.373	6	3.28940116130581	2F
2122	2136	11.911	18.387	6	2137	13.733	15.641	6	3.29548175537356	2F
2123	2138	10.622	21.42	6	2136	11.911	18.387	6	3.29554396116939	2F
2124	2139	9.918	24.632	6	2138	10.622	21.42	6	3.28824573290987	2F
2125	2140	9.806	27.93	6	2139	9.918	24.632	6	3.29990121064253	2F
2126	2141	0.287	29.449	6	2142	0.443	31.777	6	2.3332209496745	2F
370	2595	4.96956771	34.16958845	6	2238	6.4698592	32.9885657	6	1.90936882005127	2F
2131	2119	13.773	24.264	6	2143	14.807	20.993	6	3.43053887895182	2F
2132	2138	10.622	21.42	6	2119	13.773	24.264	6	4.2446598214698	2F
2133	2136	11.911	18.387	6	2143	14.807	20.993	6	3.89590194948487	2F
2134	2143	14.807	20.993	6	2144	15.55	19.575	6	1.60086632796121	2F
2135	2144	15.55	19.575	6	2145	16.378	18.349	6	1.47941204537479	2F
2136	2147	19.559	15.281	6	2148	20.814	14.498	6	1.47922750109643	2F
2137	2148	20.814	14.498	6	2135	22.091	13.874	6	1.42130397874628	2F
2138	2137	13.733	15.641	6	2145	16.378	18.349	6	3.78540473397495	2F
2139	2145	16.378	18.349	6	2086	19.806	19.179	6	3.5270503256971	2F
2140	2080	16.033	13.269	6	2124	18.96908526	15.74089065	6	3.83807764897307	2F
2141	2149	17.487	17.07	6	2146	18.393	16.19	6	1.26302652387034	2F
2142	2143	14.807	20.993	6	2084	17.67	22.299	6	3.14680870089048	2F
2143	2135	22.091	13.874	6	2091	23.331	16.768	6	3.14846565806267	2F
2144	2135	22.091	13.874	6	2150	24.571	13.077	6	2.60492015232713	2F
2145	2150	24.571	13.077	6	2093	25.257	16.145	6	3.14375889660769	2F
2146	2151	10.474	3.755	6	2078	16.033	6.474	6	6.1883311158987	2F
2147	2152	11.751	1.143	6	2153	16.033	3.237	6	4.76658787813673	2F
2148	2154	19.062	-0.001	6	2155	19.062	6.474	6	6.475	2F
2149	2134	18.721	11.373	6	2155	19.062	6.474	6	4.91085348997504	2F
2150	2156	24.649	-0.002	6	2157	24.649	6.473	6	6.475	2F
2151	2157	24.649	6.473	6	2158	24.649	9.473	6	3	2F
2152	2150	24.571	13.077	6	2158	24.649	9.473	6	3.604843963336	2F
2153	2159	45.778	36.766	6	2062	47.627	39.109	6	2.9847026652583	2F
2154	2160	38.773	35.754	6	2121	39.96736821	37.26970991	6	1.92973883008318	2F
2155	2161	40.32450744	34.5313743	6	2162	41.51869088	36.04833704	6	1.93060872341304	2F
2156	2163	42.20930087	33.0461111	6	7453	43.40370692	34.56471308	6	1.93203462337934	2F
2157	2160	38.773	35.754	6	2161	40.32450744	34.5313743	6	1.97534527075037	2F
2158	2161	40.32450744	34.5313743	6	2163	42.20930087	33.0461111	6	2.39967769649288	2F
2159	2164	27.207	-0.002	6	2165	28.582	-0.002	6	1.375	2F
2160	2166	44.35894824	35.77404085	6	2204	46.335	34.216	6	2.51640057392853	2F
2161	2149	17.487	17.07	6	2086	19.806	19.179	6	3.13458801120658	2F
2162	2145	16.378	18.349	6	2149	17.487	17.07	6	1.69284435197097	2F
2163	2038	6.203	26.166	6	2140	9.806	27.93	6	4.0116461708381	2F
2165	2119	13.773	24.264	6	2028	16.862	24.84	6	3.14224394342642	2F
2166	2128	14.596	9.353	6	2078	16.033	6.474	6	3.21770259657415	2F
249	4850	4.563	29.449	6	8112	4.9519309	27.59650674	6	1.89288101140041	2F
2169	2170	0.91601663	29.44899888	6	2171	1.04898916	31.4348384	6	1.99028648513937	2F
2171	2026	27.207	9.473	6	2172	27.207	13.028	6	3.555	2F
2172	2093	25.257	16.145	6	2114	30.332	16.216	6	5.07549662594706	2F
2398	2017	65.953	15.131	6	2267	70.20092073	13.25415833	6	4.64406774095858	2F
2030	2116	38.332	12.972	6	2030	42.33214619	12.9715	6	4.00014622124886	2F
2026	2115	30.332	12.973	6	2029	34.332	12.9725	6	4.00000003125	2F
2029	2029	34.332	12.9725	6	2116	38.332	12.972	6	4.00000003125	2F
2031	2030	42.33214619	12.9715	6	2117	46.33226324	12.97066667	6	4.00011713680232	2F
2039	2031	54.332	9.721	6	2040	54.33176923	12.97075002	6	3.24975002819368	2F
2354	2014	70.332	6.468	6	2266	74.448	11.379	6	6.40775912468626	2F
2399	2266	74.448	11.379	6	2123	76.862	10.312	6	2.63929630773053	2F
2355	2061	49.21	37.86000001	6	2260	52.746	35.077	6	4.49982055816229	2F
2175	2024	78.332	6.467	6	2015	80.32177206	9.13127955	6	3.32529372707206	2F
2356	2260	52.746	35.077	6	2022	56.451	32.159	6	4.71611588067978	2F
2357	2020	63.522	26.591	6	2261	67.05825035	23.80680284	6	4.50075775438172	2F
2358	2261	67.05825035	23.80680284	6	2018	70.593	21.023	6	4.49933476640349	2F
2176	2016	82.311	11.796	6	2041	82.311	8	6	3.796	2F
2177	2174	79.332	5.957	6	2046	80.322	5.957	6	0.989999999999995	2F
2178	2175	38.30399822	42.65400141	6	2054	41.94897865	39.78201682	6	4.6404932733795	2F
2179	2111	38.789	18.177	6	2112	39.635	19.389	6	1.47805953871961	2F
225	275	0.77491482	27.34821196	6	8112	4.9519309	27.59650674	6	4.18438927806123	2F
2180	2150	24.571	13.077	6	2172	27.207	13.028	6	2.63645538555083	2F
2181	2172	27.207	13.028	6	2115	30.332	12.973	6	3.12548396252484	2F
2183	2109	36.741	16.049	6	2100	43.602	16.446	6	6.87247626405505	2F
2184	2176	36.27391049	37.72588635	6	2160	38.773	35.754	6	3.18336051309121	2F
2185	2177	33.846	34.643	6	2176	36.27391049	37.72588635	6	3.92414800873621	2F
2186	2178	36.32189115	40.14108578	6	2121	39.96736821	37.26970991	6	4.64050669451134	2F
2187	2121	39.96736821	37.26970991	6	2162	41.51869088	36.04833704	6	1.97442490716359	2F
2188	2178	36.32189115	40.14108578	6	2175	38.30399822	42.65400141	6	3.20054579727306	2F
2189	2175	38.30399822	42.65400141	6	2050	40.152	44.997	6	2.9840832715635	2F
2190	2179	82.552	5.957	6	2180	87.128	5.957	6	4.57599999999999	2F
2191	2181	82.552	4.175	6	2182	87.128	4.175	6	4.57599999999999	2F
2192	2183	82.552	2.392	6	2184	87.128	2.392	6	4.57599999999999	2F
2193	2042	87.127	7.994	6	2180	87.128	5.957	6	2.03700024545899	2F
2194	2180	87.128	5.957	6	2182	87.128	4.175	6	1.782	2F
2195	2182	87.128	4.175	6	2184	87.128	2.392	6	1.783	2F
2196	2184	87.128	2.392	6	2049	87.128	-0.01	6	2.402	2F
2197	2185	28.417	37.739	6	2186	30.295	37.439	6	1.90181071613344	2F
2198	2122	29.56150841	45.46659966	6	2187	31.678	43.8	6	2.6938988617342	2F
2199	2187	31.678	43.8	6	2188	33.916	42.036	6	2.84962102743506	2F
2200	2064	25.939	40.867	6	2189	28.054	39.202	6	2.69173735717287	2F
2201	2189	28.054	39.202	6	2186	30.295	37.439	6	2.85135932495363	2F
2202	2189	28.054	39.202	6	2187	31.678	43.8	6	5.8544837517923	2F
2203	2186	30.295	37.439	6	2188	33.916	42.036	6	5.85184159047389	2F
2359	2019	58.882	20.699	6	2262	62.4175	17.915	6	4.50004624976233	2F
2360	2263	55.347	23.483	6	2019	58.882	20.699	6	4.49965343109889	2F
2361	2107	47.844	29.39	6	2021	51.811	26.266	6	5.04940243989326	2F
2204	2201	33.392	16.216	6	2126	34.53554686	19.61074825	6	3.58218021627806	2F
2362	2021	51.811	26.266	6	2263	55.347	23.483	6	4.4998205519776	2F
2363	2262	62.4175	17.915	6	2017	65.953	15.131	6	4.50004624976233	2F
2364	2018	70.593	21.023	6	2264	74.12774219	18.24041537	6	4.49857528256205	2F
2205	2078	16.033	6.474	6	2155	19.062	6.474	6	3.029	2F
2206	2155	19.062	6.474	6	2082	22.091	6.474	6	3.029	2F
2365	2264	74.12774219	18.24041537	6	2120	77.65994102	15.4574236	6	4.49682907908907	2F
2366	2265	59.98727234	29.37478552	6	2020	63.522	26.591	6	4.49930677457436	2F
2207	2014	70.332	6.468	6	2190	74.12198463	8.69901444	6	4.39788687066012	2F
2208	2190	74.12198463	8.69901444	6	2123	76.862	10.312	6	3.17952931180148	2F
2209	2190	74.12198463	8.69901444	6	2023	75.66484634	6.46744447	6	2.71299222025976	2F
2211	2123	76.862	10.312	6	2125	77.261	12.885	6	2.60375306048788	2F
2212	2125	77.261	12.885	6	2120	77.65994102	15.4574236	6	2.60317443043596	2F
2367	2022	56.451	32.159	6	2265	59.98727234	29.37478552	6	4.5007857462104	2F
2368	673	50.831	21.519	6	2259	56.76696064	17.10607764	6	7.39658789409124	2F
2369	2101	49.077	16.446	6	2040	54.33176923	12.97075002	6	6.29999699079649	2F
2370	2259	56.76696064	17.10607764	6	2034	62.33132742	12.97	6	6.93320387025187	2F
2400	2267	70.20092073	13.25415833	6	2266	74.448	11.379	6	4.64261791322871	2F
2371	2259	56.76696064	17.10607764	6	2019	58.882	20.699	6	4.16923045409308	2F
2372	2040	54.33176923	12.97075002	6	2268	58.332	12.97075	6	4.00023076999999	2F
2373	2268	58.332	12.97075	6	2034	62.33132742	12.97	6	3.99932749032432	2F
2374	2117	46.33226324	12.97066667	6	2269	50.332	12.971	6	3.99973677388952	2F
2375	2269	50.332	12.971	6	2040	54.33176923	12.97075002	6	3.99976923781171	2F
2376	2006	38.332	6.472	6	2270	42.332	6.47175	6	4.0000000078125	2F
2377	2270	42.332	6.47175	6	14035	46.332	6.471625	6	4.00000000195312	2F
2378	2257	34.332	6.4725	6	2006	38.332	6.472	6	4.00000003125	2F
2379	14035	46.332	6.471625	6	2271	50.332	6.4715	6	4.00000000195312	2F
2380	2271	50.332	6.4715	6	2010	54.332	6.4709375	6	4.00000003955078	2F
2381	2258	34.332	-0.0025	6	2005	38.332	-0.003	6	4.00000003125	2F
2382	2005	38.332	-0.003	6	2272	42.332	-0.0035	6	4.00000003125	2F
2383	2272	42.332	-0.0035	6	2008	46.332	-0.004	6	4.00000003125	2F
2384	2008	46.332	-0.004	6	2273	50.332	-0.0045	6	4.00000003125	2F
2385	2273	50.332	-0.0045	6	2009	54.332	-0.005	6	4.00000003125	2F
2386	2009	54.332	-0.005	6	2274	58.332	-0.0055	6	4.00000003125	2F
2387	2274	58.332	-0.0055	6	2011	62.332	-0.006	6	4.00000003125	2F
2388	2013	70.332	-0.007	6	2275	74.332	-0.0075	6	4.00000003125	2F
2389	2275	74.332	-0.0075	6	2200	78.332	-0.008	6	4.00000003125	2F
2390	2010	54.332	6.4709375	6	2276	58.332	6.470625	6	4.00000001220703	2F
2391	2276	58.332	6.470625	6	2012	62.332	6.470375	6	4.0000000078125	2F
2392	2011	62.332	-0.006	6	2277	66.332	-0.0065	6	4.00000003125001	2F
2393	2277	66.332	-0.0065	6	2013	70.332	-0.007	6	4.00000003125	2F
2394	2012	62.332	6.470375	6	2278	66.332	6.4685	6	4.00000043945311	2F
2395	2278	66.332	6.4685	6	2014	70.332	6.468	6	4.00000003125	2F
2396	2014	70.332	6.468	6	2023	75.66484634	6.46744447	6	5.33284636893517	2F
2397	2023	75.66484634	6.46744447	6	2024	78.332	6.467	6	2.66715369703453	2F
2098	14035	46.332	6.471625	6	2102	46.332	9.72125	6	3.249625	2F
2099	2102	46.332	9.72125	6	2117	46.33226324	12.97066667	6	3.24941668066273	2F
2102	2012	62.332	6.470375	6	2108	62.332	9.7205	6	3.250125	2F
2103	2108	62.332	9.7205	6	2034	62.33132742	12.97	6	3.24950006960515	2F
2104	2006	38.332	6.472	6	2113	38.332	9.722	6	3.25	2F
2105	2113	38.332	9.722	6	2116	38.332	12.972	6	3.25	2F
2032	2033	41.40107446	23.74090426	6	2208	36.329	24.936	6	5.21096854294386	2F
2033	2279	37.78669537	29.26283708	6	2253	41.759	28.414	6	4.06198577815117	2F
2040	2033	41.40107446	23.74090426	6	2105	41.617	24.789	6	1.07010677926571	2F
2087	2279	37.78669537	29.26283708	6	2207	38.392	31.06	6	1.89636184735993	2F
2228	2137	13.733	15.641	6	2191	14.755	14.587	6	1.4681280598095	2F
2229	2191	14.755	14.587	6	2080	16.033	13.269	6	1.83586709758632	2F
2230	2191	14.755	14.587	6	2149	17.487	17.07	6	3.6917628580395	2F
2231	2128	14.596	9.353	6	2192	15.723	9.905	6	1.25492350364475	2F
2232	2192	15.723	9.905	6	2079	16.033	10.057	6	0.345259322828508	2F
2233	2129	7.548	23.472	6	2139	9.918	24.632	6	2.63865496039175	2F
2234	2130	8.975	20.613	6	2138	10.622	21.42	6	1.83408233184882	2F
2235	2131	10.44681455	17.66834469	6	2136	11.911	18.387	6	1.63104398671001	2F
2236	2193	7.05971719	12.38434986	6	2132	11.903	14.747	6	5.38883141893338	2F
2237	2132	11.903	14.747	6	2137	13.733	15.641	6	2.03669732655591	2F
2238	2194	10.712	10.664	6	2127	11.981	8.073	6	2.88507226945877	2F
2239	2194	10.712	10.664	6	2133	13.308	11.934	6	2.89000276816476	2F
2240	2195	7.32	11.852	6	2196	8.445	9.554	6	2.55859903071974	2F
2241	2065	7.794	9.235	6	2196	8.445	9.554	6	0.724956550422161	2F
2242	2196	8.445	9.554	6	2194	10.712	10.664	6	2.52416104874471	2F
2243	2133	13.308	11.934	6	2197	15.283	12.901	6	2.19902569334694	2F
2244	2197	15.283	12.901	6	2080	16.033	13.269	6	0.835418458019691	2F
2245	2066	9.143	6.476	6	2198	12.58774677	6.47566667	6	3.44474678612729	2F
2246	2127	11.981	8.073	6	2198	12.58774677	6.47566667	6	1.70868821323093	2F
2247	2068	6.409	12.064	6	2065	7.794	9.235	6	3.14983586873983	2F
2248	2132	11.903	14.747	6	2199	12.167	14.219	6	0.590321946059945	2F
2249	2199	12.167	14.219	6	2133	13.308	11.934	6	2.55403719628356	2F
2250	2068	6.409	12.064	6	2193	7.05971719	12.38434986	6	0.725297796883126	2F
2252	2066	9.143	6.476	6	2151	10.474	3.755	6	3.02909260340452	2F
2253	2151	10.474	3.755	6	2152	11.751	1.143	6	2.90745128935981	2F
2254	2152	11.751	1.143	6	2073	12.31	0	6	1.27237180100787	2F
2255	2074	16.033	-0.0005	6	2153	16.033	3.237	6	3.2375	2F
2256	2153	16.033	3.237	6	2078	16.033	6.474	6	3.237	2F
2257	2074	16.033	-0.0005	6	2154	19.062	-0.001	6	3.02900004126774	2F
2258	2154	19.062	-0.001	6	2081	22.091	-0.0005	6	3.02900004126774	2F
2259	2081	22.091	-0.0005	6	2156	24.649	-0.002	6	2.55800043979668	2F
2260	2156	24.649	-0.002	6	2164	27.207	-0.002	6	2.558	2F
2261	2082	22.091	6.474	6	2157	24.649	6.473	6	2.5580001954652	2F
2262	2157	24.649	6.473	6	2025	27.207	6.473	6	2.558	2F
2263	2158	24.649	9.473	6	2026	27.207	9.473	6	2.558	2F
2264	2114	30.332	16.216	6	2201	33.392	16.216	6	3.06	2F
2265	2201	33.392	16.216	6	2109	36.741	16.049	6	3.35316119505162	2F
2266	2029	34.332	12.9725	6	2201	33.392	16.216	6	3.37696494651632	2F
2267	2163	42.20930087	33.0461111	6	8103	44.184	31.49	6	2.5141436732148	2F
2268	2204	46.335	34.216	6	2060	47.361	35.517	6	1.65688774514148	2F
2269	2053	45.38283206	33.00913189	6	2204	46.335	34.216	6	1.53725548328793	2F
2270	2203	44.56500001	31.973	6	2053	45.38283206	33.00913189	6	1.32000702857302	2F
2271	2205	32.699	35.548	6	2177	33.846	34.643	6	1.46103867163056	2F
2272	2177	33.846	34.643	6	2206	36.342	32.675	6	3.17852796117951	2F
2273	2206	36.342	32.675	6	2207	38.392	31.06	6	2.60973657674487	2F
2227	8103	44.184	31.49	6	2203	44.56500001	31.973	6	0.615182905825578	2F
2274	2209	35.453	22.334	6	2103	40.35	20.684	6	5.16750510401296	2F
2251	2126	34.53554686	19.61074825	6	2111	38.789	18.177	6	4.48859640183364	2F
2275	2209	35.453	22.334	6	2208	36.329	24.936	6	2.74550177563228	2F
2276	2208	36.329	24.936	6	2279	37.78669537	29.26283708	6	4.56578524556098	2F
2001	2103	40.35	20.684	6	2001	44.7135	18.565	6	4.85080336130007	2F
2002	2001	44.7135	18.565	6	2101	49.077	16.446	6	4.85080336130007	2F
2003	673	50.831	21.519	6	2002	46.11795198	22.62950097	6	4.84211049473232	2F
2004	2002	46.11795198	22.62950097	6	2033	41.40107446	23.74090426	6	4.84604486274159	2F
2005	2253	41.759	28.414	6	2003	46.78274959	27.34048089	6	5.13716879443925	2F
2006	2003	46.78274959	27.34048089	6	2021	51.811	26.266	6	5.14177122873435	2F
2011	2253	41.759	28.414	6	671	46.43175052	24.86256538	6	5.86918097201772	2F
2012	671	46.43175052	24.86256538	6	673	50.831	21.519	6	5.52565158489158	2F
2007	2002	46.11795198	22.62950097	6	671	46.43175052	24.86256538	6	2.255004696872	2F
2008	671	46.43175052	24.86256538	6	2003	46.78274959	27.34048089	6	2.50265171804616	2F
32	2035	16.62	35.662	6	23257	17.199	36.377	6	0.920035868865995	2F
47	23257	17.199	36.377	6	23549	18.0378644	37.16634976	6	1.15185351724923	2F
95	128	19.73607712	34.35166593	6	2218	20.073	34.708	6	0.490398813732518	2F
98	2099	20.705	39.14	6	51	22.94454417	36.67555404	6	3.3300228196127	2F
178	51	22.94454417	36.67555404	6	2221	23.923	37.11	6	1.07056952292755	2F
100508	23255	8.789	42.999	6	23253	12.556	40.035	6	4.79328540773445	2F
100509	23253	12.556	40.035	6	23257	17.199	36.377	6	5.91087243983492	2F
100511	23260	11.508	46.449	6	23150	16.035	42.82	6	5.80201430539429	2F
100512	23150	16.035	42.82	6	2099	20.705	39.14	6	5.94569592226175	2F
100514	23261	14.32	50.02	6	23259	18.087	47.056	6	4.79328540773445	2F
100515	23259	18.087	47.056	6	23251	22.014	43.962	6	4.9994164659488	2F
100516	23251	22.014	43.962	6	2064	25.939	40.867	6	4.99846476430513	2F
100517	23254	18.839	55.755	6	23258	22.603	52.79	6	4.79154682748692	2F
100518	23258	22.603	52.79	6	23256	26.53	49.696	6	4.9994164659488	2F
100519	23256	26.53	49.696	6	23252	30.457	46.602	6	4.9994164659488	2F
100520	2122	29.56150841	45.46659966	6	23252	30.457	46.602	6	1.44604257192963	2F
100521	23255	8.789	42.999	6	23260	11.508	46.449	6	4.39265990033374	2F
100522	23260	11.508	46.449	6	23261	14.32	50.02	6	4.54525961854766	2F
100523	23261	14.32	50.02	6	23254	18.839	55.755	6	7.30147834345895	2F
100526	23253	12.556	40.035	6	23150	16.035	42.82	6	4.45641851715029	2F
100527	23150	16.035	42.82	6	23259	18.087	47.056	6	4.70684607778925	2F
100528	23259	18.087	47.056	6	23258	22.603	52.79	6	7.29883634561017	2F
100529	23251	22.014	43.962	6	23256	26.53	49.696	6	7.29883634561017	2F
100530	23150	16.035	42.82	6	23251	22.014	43.962	6	6.08708509879729	2F
288	23321	7.13005654	55.68545395	6	3277	8.7622326	57.58427809	6	2.50390331392485	2F
372	2238	6.4698592	32.9885657	6	23466	7.01284216	32.56074538	6	0.691274707374186	2F
289	3277	8.7622326	57.58427809	6	23322	11.89398098	61.22765922	6	4.80438070661274	2F
300	59	6.05985372	50.74215708	6	23546	4.16464695	52.23558622	6	2.41291095924714	2F
297	1087	5.53944129	45.55931723	6	3281	8.25909766	49.00914566	6	4.39293147764882	2F
171	23314	0.14586826	51.46126938	6	23318	2.26944017	53.72901535	6	3.10680373396716	2F
188	23318	2.26944017	53.72901535	6	23317	5.38737679	57.0586319	6	4.56156498762989	2F
194	23317	5.38737679	57.0586319	6	23580	7.10345793	58.89122009	6	2.51064014808797	2F
196	23310	2.10280037	45.71985626	6	23316	3.34103944	47.29143123	6	2.00077082165973	2F
197	23316	3.34103944	47.29143123	6	23311	4.14429501	48.3109247	6	1.29791619379244	2F
200	23311	4.14429501	48.3109247	6	59	6.05985372	50.74215708	6	3.09519887196564	2F
263	59	6.05985372	50.74215708	6	105	8.87273628	54.31227599	6	4.54511356600599	2F
269	105	8.87273628	54.31227599	6	23312	10.42100239	56.27733994	6	2.50172026313178	2F
195	23308	-2.11730003	49.04445267	6	3225	-1.09201477	50.13934542	6	1.49999999945861	2F
199	3225	-1.09201477	50.13934542	6	23314	0.14586826	51.46126938	6	1.81103212339927	2F
2277	2193	7.05971719	12.38434986	6	2195	7.32	11.852	6	0.592573636456699	2F
2279	2205	32.699	35.548	6	2210	35.12917298	38.62886354	6	3.92395984495553	2F
2280	2210	35.12917298	38.62886354	6	2178	36.32189115	40.14108578	6	1.92597838414629	2F
250	8112	4.9519309	27.59650674	6	2251	5.34086213	25.7440123	6	1.89288223402837	2F
290	23323	-0.00724983	47.38215447	6	3226	0.9705325	48.51967006	6	1.50000000078443	2F
291	3226	0.9705325	48.51967006	6	23319	2.14546133	49.88696968	6	1.80276620958385	2F
100657	105	8.87273628	54.31227599	6	23321	7.13005654	55.68545395	6	2.2186821282095	2F
2281	2211	42.10830755	35.58534108	6	2212	42.81532614	35.02909911	6	0.899600142171548	2F
100645	23319	2.14546133	49.88696968	6	23546	4.16464695	52.23558622	6	3.09727464393721	2F
100646	23546	4.16464695	52.23558622	6	23321	7.13005654	55.68545395	6	4.54920228072564	2F
346	23546	4.16464695	52.23558622	6	23318	2.26944017	53.72901535	6	2.41291096091226	2F
100658	23321	7.13005654	55.68545395	6	23317	5.38737679	57.0586319	6	2.21868212987491	2F
295	23254	18.839	55.755	6	23436	15.59098816	58.31480026	6	4.13547558134204	2F
296	23436	15.59098816	58.31480026	6	23313	13.39163017	60.04766846	6	2.80000138691896	2F
100649	23580	7.10345793	58.89122009	6	23309	10.39633179	62.40764999	6	4.81749909179912	2F
100650	23312	10.42100239	56.27733994	6	23313	13.39163017	60.04766846	6	4.80000068292007	2F
298	3274	11.07201714	52.57931043	6	23436	15.59098816	58.31480026	6	7.30184515513944	2F
299	23261	14.32	50.02	6	3274	11.07201714	52.57931043	6	4.13514963888377	2F
342	3274	11.07201714	52.57931043	6	105	8.87273628	54.31227599	6	2.80000105951916	2F
292	23255	8.789	42.999	6	1087	5.53944129	45.55931723	6	4.13701053031918	2F
379	1087	5.53944129	45.55931723	6	23316	3.34103944	47.29143123	6	2.79878359347046	2F
381	3281	8.25909766	49.00914566	6	3274	11.07201714	52.57931043	6	4.54517243742332	2F
385	23260	11.508	46.449	6	3281	8.25909766	49.00914566	6	4.13638878918246	2F
386	3281	8.25909766	49.00914566	6	59	6.05985372	50.74215708	6	2.80000044454946	2F
390	23311	4.14429501	48.3109247	6	23319	2.14546133	49.88696968	6	2.54543785217505	2F
391	23319	2.14546133	49.88696968	6	23314	0.14586826	51.46126938	6	2.54495422179106	2F
487	2032	6.34632211	31.71414363	6	23466	7.01284216	32.56074538	6	1.07748944317569	2F
2282	2213	5.627	15.311	6	2193	7.05971719	12.38434986	6	3.25852107381301	2F
2283	2214	4.18	18.266	6	2213	5.627	15.311	6	3.29026351528263	2F
2284	2215	2.775	21.136	6	2214	4.18	18.266	6	3.19545380188793	2F
2285	2216	1.45097967	23.84004187	6	2215	2.775	21.136	6	3.01079263134584	2F
255	2072	0	25.169	6	2234	0.63144251	25.23698303	6	0.635091596388333	2F
2287	2070	2.128	20.819	6	2215	2.775	21.136	6	0.720484559168342	2F
2288	2215	2.775	21.136	6	2129	7.548	23.472	6	5.31398391040093	2F
2289	2069	3.532	17.948	6	2214	4.18	18.266	6	0.721822692910109	2F
2290	2214	4.18	18.266	6	2130	8.975	20.613	6	5.33857977368513	2F
2291	2067	4.977	14.993	6	2213	5.627	15.311	6	0.723618684114777	2F
2292	2213	5.627	15.311	6	2131	10.44681455	17.66834469	6	5.36541576057838	2F
2293	2195	7.32	11.852	6	2217	9.59	12.961	6	2.52641663230751	2F
2294	2217	9.59	12.961	6	2199	12.167	14.219	6	2.86766333449378	2F
2297	2219	21.24	35.685	6	51	22.94454417	36.67555404	6	1.97146344973507	2F
2299	2221	23.923	37.11	6	2222	25.387	37.529	6	1.52277936681582	2F
2300	2222	25.387	37.529	6	2223	26.895	37.74	6	1.52269005381923	2F
2301	2223	26.895	37.74	6	2185	28.417	37.739	6	1.52200032851507	2F
2302	2027	13.543	27.419	6	2224	13.627	28.479	6	1.06332309294965	2F
2303	2224	13.627	28.479	6	2225	13.99	30.414	6	1.96875442856645	2F
2304	2225	13.99	30.414	6	2226	14.619	32.281	6	1.97010913403293	2F
2305	2226	14.619	32.281	6	2227	15.501	34.041	6	1.96863506013685	2F
2306	2227	15.501	34.041	6	2035	16.62	35.662	6	1.96972130008283	2F
2307	2228	16.712	26.588	6	2229	16.782	28.113	6	1.52660571202914	2F
2308	2229	16.782	28.113	6	2230	17.063	29.613	6	1.52609337853226	2F
2309	2230	17.063	29.613	6	2231	17.55	31.059	6	1.52580634419968	2F
2310	2231	17.55	31.059	6	2232	18.234	32.424	6	1.52678780450985	2F
2311	2232	18.234	32.424	6	2036	19.101	33.68	6	1.52617987144373	2F
2313	2077	30.332	6.473	6	2039	30.332	9.473	6	3	2F
2314	2039	30.332	9.473	6	2115	30.332	12.973	6	3.5	2F
373	3900	8.73591363	31.20407699	6	23465	11.06138193	29.37301428	6	2.9598299718493	2F
375	2140	9.806	27.93	6	23465	11.06138193	29.37301428	6	1.91266149709102	2F
380	2235	1.379	36.365	6	3898	1.58981803	36.83074959	6	0.511240571901576	2F
2315	2134	18.721	11.373	6	2233	22.091	9.474	6	3.86821677262276	2F
2316	2233	22.091	9.474	6	2158	24.649	9.473	6	2.5580001954652	2F
2317	2082	22.091	6.474	6	2233	22.091	9.474	6	3	2F
2318	2233	22.091	9.474	6	2135	22.091	13.874	6	4.4	2F
394	3898	1.58981803	36.83074959	6	3408	3.56510765	41.1946568	6	4.79014146141528	2F
392	23425	0.04999244	41.18469177	6	3453	1.07639641	43.45227402	6	2.48906295021778	2F
445	3408	3.56510765	41.1946568	6	1087	5.53944129	45.55931723	6	4.79043359115263	2F
460	2142	0.443	31.777	6	1088	1.09478493	32.12151113	6	0.737232333575368	2F
2322	2139	9.918	24.632	6	2027	13.543	27.419	6	4.5725259977391	2F
2323	2237	0.782	36.835	6	2235	1.379	36.365	6	0.759808528512282	2F
2324	2142	0.443	31.777	6	2237	0.782	36.835	6	5.06934759116003	2F
2128	4850	4.563	29.449	6	2032	6.34632211	31.71414363	6	2.88290017387776	2F
467	1088	1.09478493	32.12151113	6	665	2.89441272	33.07273258	6	2.03555457541192	2F
2327	665	2.89441272	33.07273258	6	4850	4.563	29.449	6	3.98943872271918	2F
2329	2171	1.04898916	31.4348384	6	1088	1.09478493	32.12151113	6	0.688198147829205	2F
2331	2243	6.084	29.008	6	2038	6.203	26.166	6	2.84449028825904	2F
2129	2243	6.084	29.008	6	2140	9.806	27.93	6	3.87496683856778	2F
2332	2140	9.806	27.93	6	2027	13.543	27.419	6	3.77177544400512	2F
2334	2228	16.712	26.588	6	2245	16.771	25.9	6	0.690525162466943	2F
2335	2245	16.771	25.9	6	2028	16.862	24.84	6	1.06389896136804	2F
2127	4850	4.563	29.449	6	2243	6.084	29.008	6	1.58364200499987	2F
2173	2243	6.084	29.008	6	2032	6.34632211	31.71414363	6	2.71882809967538	2F
393	23466	7.01284216	32.56074538	6	3900	8.73591363	31.20407699	6	2.1930627923416	2F
2174	2032	6.34632211	31.71414363	6	2238	6.4698592	32.9885657	6	1.28039565178454	2F
446	23255	8.789	42.999	6	3409	6.87928357	38.58429386	6	4.81005687550216	2F
447	3409	6.87928357	38.58429386	6	2595	4.96956771	34.16958845	6	4.81005597919804	2F
457	23465	11.06138193	29.37301428	6	2027	13.543	27.419	6	3.15857563654798	2F
2337	2188	33.916	42.036	6	2246	35.52	40.773	6	2.04156435117779	2F
2338	2246	35.52	40.773	6	2178	36.32189115	40.14108578	6	1.02095298514992	2F
2339	2186	30.295	37.439	6	2247	31.897	36.178	6	2.03875574799925	2F
2340	2247	31.897	36.178	6	2205	32.699	35.548	6	1.01985489163901	2F
2210	2141	0.287	29.449	6	2170	0.91601663	29.44899888	6	0.629016630000997	2F
461	665	2.89441272	33.07273258	6	2595	4.96956771	34.16958845	6	2.34720281017115	2F
459	2218	20.073	34.708	6	4694	20.6565	35.1965	6	0.760989158924091	2F
448	23253	12.556	40.035	6	23505	10.64594844	35.61951913	6	4.81090098372378	2F
449	23505	10.64594844	35.61951913	6	3900	8.73591363	31.20407699	6	4.81085878685911	2F
2213	2170	0.91601663	29.44899888	6	4850	4.563	29.449	6	3.64698337000017	2F
387	2235	1.379	36.365	6	23425	0.04999244	41.18469177	6	4.99956896665531	2F
2345	2207	38.392	31.06	6	2253	41.759	28.414	6	4.28228969127498	2F
2346	2252	41.885	28.576	6	2253	41.759	28.414	6	0.205231576517847	2F
388	23425	0.04999244	41.18469177	6	23308	-2.11730003	49.04445267	6	8.1530974516246	2F
2341	2210	35.12917298	38.62886354	6	2176	36.27391049	37.72588635	6	1.45800952413258	2F
2342	2159	45.778	36.766	6	2060	47.361	35.517	6	2.01640521721206	2F
450	3453	1.07639641	43.45227402	6	23310	2.10280037	45.71985626	6	2.48906293698393	2F
453	3453	1.07639641	43.45227402	6	3454	-1.0336538	45.11457223	6	2.68617706558787	2F
253	275	0.77491482	27.34821196	6	2170	0.91601663	29.44899888	6	2.10552022170968	2F
261	2234	0.63144251	25.23698303	6	1446	0.7656961	25.25081913	6	0.134964677197769	2F
258	1446	0.7656961	25.25081913	6	2251	5.34086213	25.7440123	6	4.60167183803893	2F
260	1446	0.7656961	25.25081913	6	2216	1.45097967	23.84004187	6	1.5684087632518	2F
264	2234	0.63144251	25.23698303	6	275	0.77491482	27.34821196	6	2.11609827243578	2F
469	4694	20.6565	35.1965	6	2219	21.24	35.685	6	0.760989158924096	2F
2347	2106	41.76	26.51	6	2253	41.759	28.414	6	1.90400026260502	2F
466	2235	1.379	36.365	6	665	2.89441272	33.07273258	6	3.62429310027918	2F
478	1088	1.09478493	32.12151113	6	2235	1.379	36.365	6	4.25299611989348	2F
492	2235	1.379	36.365	6	2595	4.96956771	34.16958845	6	4.20856369251649	2F
2214	2142	0.443	31.777	6	2171	1.04898916	31.4348384	6	0.695914809838148	2F
2215	2171	1.04898916	31.4348384	6	4850	4.563	29.449	6	4.03631345841128	2F
2218	2071	0.805	23.524	6	2216	1.45097967	23.84004187	6	0.719146854019682	2F
2219	2216	1.45097967	23.84004187	6	2251	5.34086213	25.7440123	6	4.33085314354228	2F
2220	2251	5.34086213	25.7440123	6	2038	6.203	26.166	6	0.95987255708215	2F
2221	2198	12.58774677	6.47566667	6	2250	15.723	6.476	6	3.13525324771928	2F
2222	2250	15.723	6.476	6	2078	16.033	6.474	6	0.310006451545771	2F
2223	2146	18.393	16.19	6	2124	18.96908526	15.74089065	6	0.730461111248703	2F
2224	2124	18.96908526	15.74089065	6	2147	19.559	15.281	6	0.747996531025841	2F
2225	2124	18.96908526	15.74089065	6	2086	19.806	19.179	6	3.53850564286489	2F
2226	2126	34.53554686	19.61074825	6	2209	35.453	22.334	6	2.8736423503933	2F
